4001
3999
3997
3995
3993
3991
3990
3988
3986
3984
3982
3980
3978
3976
3974
3972
3970
3968
3966
3964
3963
3961
3959
3957
3955
3953
3951
3949
3947
3945
3943
3941
3939
3937
3936
3934
3932
3930
3928
3926
3924
3922
3920
3918
3916
3914
3912
3910
3909
3907
3905
3903
3901
3899
3897
3895
3893
3891
3889
3887
3885
3883
3882
3880
3878
3876
3874
3872
3870
3868
3866
3864
3862
3860
3858
3856
3855
3853
3851
3849
3847
3845
3843
3841
3839
3837
3835
3833
3831
3829
3828
3826
3824
3822
3820
3818
3816
3814
3812
3810
3808
3806
3804
3802
3801
3799
3797
3795
3793
3791
3789
3787
3785
3783
3781
3779
3777
3775
3774
3772
3770
3768
3766
3764
3762
3760
3758
3756
3754
3752
3750
3748
3747
3745
3743
3741
3739
3737
3735
3733
3731
3729
3727
3725
3723
3721
3720
3718
3716
3714
3712
3710
3708
3706
3704
3702
3700
3698
3696
3694
3693
3691
3689
3687
3685
3683
3681
3679
3677
3675
3673
3671
3669
3667
3666
3664
3662
3660
3658
3656
3654
3652
3650
3648
3646
3644
3642
3640
3639
3637
3635
3633
3631
3629
3627
3625
3623
3621
3619
3617
3615
3613
3612
3610
3608
3606
3604
3602
3600
3598
3596
3594
3592
3590
3588
3586
3585
3583
3581
3579
3577
3575
3573
3571
3569
3567
3565
3563
3561
3559
3558
3556
3554
3552
3550
3548
3546
3544
3542
3540
3538
3536
3534
3532
3531
3529
3527
3525
3523
3521
3519
3517
3515
3513
3511
3509
3507
3505
3504
3502
3500
3498
3496
3494
3492
3490
3488
3486
3484
3482
3480
3478
3477
3475
3473
3471
3469
3467
3465
3463
3461
3459
3457
3455
3453
3451
3450
3448
3446
3444
3442
3440
3438
3436
3434
3432
3430
3428
3426
3424
3423
3421
3419
3417
3415
3413
3411
3409
3407
3405
3403
3401
3399
3397
3396
3394
3392
3390
3388
3386
3384
3382
3380
3378
3376
3374
3372
3370
3369
3367
3365
3363
3361
3359
3357
3355
3353
3351
3349
3347
3345
3343
3342
3340
3338
3336
3334
3332
3330
3328
3326
3324
3322
3320
3318
3317
3315
3313
3311
3309
3307
3305
3303
3301
3299
3297
3295
3293
3291
3290
3288
3286
3284
3282
3280
3278
3276
3274
3272
3270
3268
3266
3264
3263
3261
3259
3257
3255
3253
3251
3249
3247
3245
3243
3241
3239
3237
3236
3234
3232
3230
3228
3226
3224
3222
3220
3218
3216
3214
3212
3210
3209
3207
3205
3203
3201
3199
3197
3195
3193
3191
3189
3187
3185
3183
3182
3180
3178
3176
3174
3172
3170
3168
3166
3164
3162
3160
3158
3156
3155
3153
3151
3149
3147
3145
3143
3141
3139
3137
3135
3133
3131
3129
3128
3126
3124
3122
3120
3118
3116
3114
3112
3110
3108
3106
3104
3102
3101
3099
3097
3095
3093
3091
3089
3087
3085
3083
3081
3079
3077
3075
3074
3072
3070
3068
3066
3064
3062
3060
3058
3056
3054
3052
3050
3048
3047
3045
3043
3041
3039
3037
3035
3033
3031
3029
3027
3025
3023
3021
3020
3018
3016
3014
3012
3010
3008
3006
3004
3002
3000
2998
2996
2994
2993
2991
2989
2987
2985
2983
2981
2979
2977
2975
2973
2971
2969
2967
2966
2964
2962
2960
2958
2956
2954
2952
2950
2948
2946
2944
2942
2940
2939
2937
2935
2933
2931
2929
2927
2925
2923
2921
2919
2917
2915
2913
2912
2910
2908
2906
2904
2902
2900
2898
2896
2894
2892
2890
2888
2886
2885
2883
2881
2879
2877
2875
2873
2871
2869
2867
2865
2863
2861
2859
2858
2856
2854
2852
2850
2848
2846
2844
2842
2840
2838
2836
2834
2832
2831
2829
2827
2825
2823
2821
2819
2817
2815
2813
2811
2809
2807
2805
2804
2802
2800
2798
2796
2794
2792
2790
2788
2786
2784
2782
2780
2778
2777
2775
2773
2771
2769
2767
2765
2763
2761
2759
2757
2755
2753
2751
2750
2748
2746
2744
2742
2740
2738
2736
2734
2732
2730
2728
2726
2724
2723
2721
2719
2717
2715
2713
2711
2709
2707
2705
2703
2701
2699
2697
2696
2694
2692
2690
2688
2686
2684
2682
2680
2678
2676
2674
2672
2670
2669
2667
2665
2663
2661
2659
2657
2655
2653
2651
2649
2647
2645
2643
2642
2640
2638
2636
2634
2632
2630
2628
2626
2624
2622
2620
2618
2616
2615
2613
2611
2609
2607
2605
2603
2601
2599
2597
2595
2593
2591
2589
2588
2586
2584
2582
2580
2578
2576
2574
2572
2570
2568
2566
2564
2562
2561
2559
2557
2555
2553
2551
2549
2547
2545
2543
2541
2539
2537
2535
2534
2532
2530
2528
2526
2524
2522
2520
2518
2516
2514
2512
2510
2508
2507
2505
2503
2501
2499
2497
2495
2493
2491
2489
2487
2485
2483
2481
2480
2478
2476
2474
2472
2470
2468
2466
2464
2462
2460
2458
2456
2454
2453
2451
2449
2447
2445
2443
2441
2439
2437
2435
2433
2431
2429
2427
2426
2424
2422
2420
2418
2416
2414
2412
2410
2408
2406
2404
2402
2400
2399
2397
2395
2393
2391
2389
2387
2385
2383
2381
2379
2377
2375
2373
2372
2370
2368
2366
2364
2362
2360
2358
2356
2354
2352
2350
2348
2346
2345
2343
2341
2339
2337
2335
2333
2331
2329
2327
2325
2323
2321
2319
2318
2316
2314
2312
2310
2308
2306
2304
2302
2300
2298
2296
2294
2292
2291
2289
2287
2285
2283
2281
2279
2277
2275
2273
2271
2269
2267
2265
2264
2262
2260
2258
2256
2254
2252
2250
2248
2246
2244
2242
2240
2238
2237
2235
2233
2231
2229
2227
2225
2223
2221
2219
2217
2215
2213
2211
2210
2208
2206
2204
2202
2200
2198
2196
2194
2192
2190
2188
2186
2184
2183
2181
2179
2177
2175
2173
2171
2169
2167
2165
2163
2161
2159
2157
2156
2154
2152
2150
2148
2146
2144
2142
2140
2138
2136
2134
2132
2130
2129
2127
2125
2123
2121
2119
2117
2115
2113
2111
2109
2107
2105
2103
2102
2100
2098
2096
2094
2092
2090
2088
2086
2084
2082
2080
2078
2076
2075
2073
2071
2069
2067
2065
2063
2061
2059
2057
2055
2053
2051
2049
2048
2046
2044
2042
2040
2038
2036
2034
2032
2030
2028
2026
2024
2022
2021
2019
2017
2015
2013
2011
2009
2007
2005
2003
2001
1999
1997
1995
1994
1992
1990
1988
1986
1984
1982
1980
1978
1976
1974
1972
1970
1968
1967
1965
1963
1961
1959
1957
1955
1953
1951
1949
1947
1945
1943
1941
1940
1938
1936
1934
1932
1930
1928
1926
1924
1922
1920
1918
1916
1914
1913
1911
1909
1907
1905
1903
1901
1899
1897
1895
1893
1891
1889
1887
1886
1884
1882
1880
1878
1876
1874
1872
1870
1868
1866
1864
1862
1860
1859
1857
1855
1853
1851
1849
1847
1845
1843
1841
1839
1837
1835
1833
1832
1830
1828
1826
1824
1822
1820
1818
1816
1814
1812
1810
1808
1806
1805
1803
1801
1799
1797
1795
1793
1791
1789
1787
1785
1783
1781
1779
1778
1776
1774
1772
1770
1768
1766
1764
1762
1760
1758
1756
1754
1752
1751
1749
1747
1745
1743
1741
1739
1737
1735
1733
1731
1729
1727
1725
1724
1722
1720
1718
1716
1714
1712
1710
1708
1706
1704
1702
1700
1698
1697
1695
1693
1691
1689
1687
1685
1683
1681
1679
1677
1675
1673
1671
1670
1668
1666
1664
1662
1660
1658
1656
1654
1652
1650
1648
1646
1645
1643
1641
1639
1637
1635
1633
1631
1629
1627
1625
1623
1621
1619
1618
1616
1614
1612
1610
1608
1606
1604
1602
1600
1598
1596
1594
1592
1591
1589
1587
1585
1583
1581
1579
1577
1575
1573
1571
1569
1567
1565
1564
1562
1560
1558
1556
1554
1552
1550
1548
1546
1544
1542
1540
1538
1537
1535
1533
1531
1529
1527
1525
1523
1521
1519
1517
1515
1513
1511
1510
1508
1506
1504
1502
1500
1498
1496
1494
1492
1490
1488
1486
1484
1483
1481
1479
1477
1475
1473
1471
1469
1467
1465
1463
1461
1459
1457
1456
1454
1452
1450
1448
1446
1444
1442
1440
1438
1436
1434
1432
1430
1429
1427
1425
1423
1421
1419
1417
1415
1413
1411
1409
1407
1405
1403
1402
1400
1398
1396
1394
1392
1390
1388
1386
1384
1382
1380
1378
1376
1375
1373
1371
1369
1367
1365
1363
1361
1359
1357
1355
1353
1351
1349
1348
1346
1344
1342
1340
1338
1336
1334
1332
1330
1328
1326
1324
1322
1321
1319
1317
1315
1313
1311
1309
1307
1305
1303
1301
1299
1297
1295
1294
1292
1290
1288
1286
1284
1282
1280
1278
1276
1274
1272
1270
1268
1267
1265
1263
1261
1259
1257
1255
1253
1251
1249
1247
1245
1243
1241
1240
1238
1236
1234
1232
1230
1228
1226
1224
1222
1220
1218
1216
1214
1213
1211
1209
1207
1205
1203
1201
1199
1197
1195
1193
1191
1189
1187
1186
1184
1182
1180
1178
1176
1174
1172
1170
1168
1166
1164
1162
1160
1159
1157
1155
1153
1151
1149
1147
1145
1143
1141
1139
1137
1135
1133
1132
1130
1128
1126
1124
1122
1120
1118
1116
1114
1112
1110
1108
1106
1105
1103
1101
1099
1097
1095
1093
1091
1089
1087
1085
1083
1081
1079
1078
1076
1074
1072
1070
1068
1066
1064
1062
1060
1058
1056
1054
1052
1051
1049
1047
1045
1043
1041
1039
1037
1035
1033
1031
1029
1027
1025
1024
1022
1020
1018
1016
1014
1012
1010
1008
1006
1004
1002
1000
998
997
995
993
991
989
987
985
983
981
979
977
975
973
971
970
968
966
964
962
960
958
956
954
952
950
948
946
944
943
941
939
937
935
933
931
929
927
925
923
921
919
917
916
914
912
910
908
906
904
902
900
898
896
894
892
890
889
887
885
883
881
879
877
875
873
871
869
867
865
863
862
860
858
856
854
852
850
848
846
844
842
840
838
836
835
833
831
829
827
825
823
821
819
817
815
813
811
809
808
806
804
802
800
798
796
794
792
790
788
786
784
782
781
779
777
775
773
771
769
767
765
763
761
759
757
755
754
752
750
748
746
744
742
740
738
736
734
732
730
728
727
725
723
721
719
717
715
713
711
709
707
705
703
701
700
698
696
694
692
690
688
686
684
682
680
678
676
674
673
671
669
667
665
663
661
659
657
655
653
651
649
647
646
644
642
640
638
636
634
632
630
628
626
624
622
620
619
617
615
613
611
609
607
605
603
601
